0
11
11
27
7
15
0
24
24
21
16
16
43
8
28
74
70
54
54
54
1
23
75
75
44
38
44
44
34
35
54
8
38
38
17
21
26
26
26
39
39
39
28
63
51
21
92
10
5
54
54
10
12
54
54
5
92
25
12
43
69
70
25
43
106
10
25
25
42
44
2
11
46
18
16
18
89
32
24
87
13
14
8
78
36
43
23
43
8
25
45
120
26
25
10
21
30
69
18
20
46
63
14
43
54
54
8
69
46
13
26
56
83
25
12
5
23
45
118
23
29
24
26
23
24
8
8
8
18
12
52
29
36
31
49
39
39
18
0
19
20
21
20
24
24
18
44
23
43
5
43
23
21
24
8
27
27
45
19
19
5
0
5
9
28
12
11
11
14
16
15
66
51
78
99
15
77
7
21
36
19
53
17
129
123
45
74
5
5
64
44
18
48
11
4
17
61
24
41
11
11
5
11
27
5
5
57
5
9
21
46
8
12
45
89
12
89
28
23
89
14
56
1
0
0
0
0
0
0
0
0
0
0