11
28
5
29
16
22
15
35
44
21
1
1
41
34
21
1
25
39
20
48
158
41
23
46
15
21
10
9
5
11
10
24
7
123
10
8
21
129
27
27
23
14
25
38
12
12
25
20
34
65
78
25
21
44
7
71
12
49
74
31
18
18
10
5
36
36
43
125
4
48
76
76
33
28
34
7
0
7
106
72
5
49
96
45
91
36
13
28
24
30
10
83
12
19
38
124
69
69
69
28
12
29
29
23
95
43
94
9
89
29
46
13
3
20
38
80
67
37
19
19
42
44
42
6
8
8
8
8
27
27
102
24
63
24
27
27
2
7
10
69
5
29
36
36
23
113
7
24
10
45
10
10
8
8
19
42
8
8
56
45
21
43
43
26
0
0
0
0
0
0
0
0
0
0
0
0
0
0
0
0
0
0