5
9
0
0
23
5
0
0
5
15
45
11
1
1
1
37
2
70
24
95
56
2
21
39
68
39
78
1
11
1
1
8
23
19
16
21
10
12
5
34
54
74
37
36
74
74
61
42
30
37
81
5
5
9
9
81
13
30
9
36
19
48
75
84
29
10
38
88
22
13
14
10
44
34
3
38
46
45
44
125
55
8
44
44
78
5
27
80
71
56
2
81
15
0
81
11
54
42
2
54
69
32
13
87
65
124
3
24
88
0
5
48
68
15
39
32
5
37
12
13
24
12
87
87
123
149
20
32
96
9
41
59
123
9
10
28
54
37
75
5
29
61
38
24
61
91
20
41
28
22
29
29
29
44
14
20
96
24
96
123
19
21
10
34
19
34
21
21
21
9
12
21
88
56
125
24
1
4
45
9
21
5
21
37
21
0
46
25
26
11
3
24
24
0
2
1
1
43
35
54
11
4
5
5
7
0
0
0
0
0
0
0
0
0
0
0
0
0
0
0