1
6
11
3
0
0
24
0
0
24
1
0
21
12
4
4
116
46
27
78
28
29
28
28
42
56
28
12
28
75
13
13
23
28
38
56
28
25
23
88
27
78
37
2
12
12
57
78
57
21
30
1
17
88
27
11
15
11
15
120
25
37
1
34
8
44
36
29
29
39
0
68
18
18
37
19
8
19
19
99
44
5
36
18
25
75
10
21
24
28
6
54
52
90
90
12
112
5
15
96
32
37
26
13
78
13
71
55
2
44
44
135
76
32
62
15
2
18
9
3
36
39
39
92
39
0
21
54
16
16
23
10
99
43
31
13
29
89
55
14
27
27
27
15
27
75
20
13
13
13
54
15
9
17
48
27
1
1
1
24
24
1
5
28
31
16
25
21
24
24
21
8
24
26
3
3
20
25
0
0
0
0
0
0
0
0