0
0
0
21
1
29
0
0
0
11
9
11
11
11
5
27
5
15
5
5
21
61
44
20
121
28
28
54
54
54
88
15
28
27
5
28
7
22
45
29
64
34
3
3
26
45
27
19
28
28
27
28
124
29
28
28
0
0
0
21
68
16
125
29
29
24
28
24
11
5
26
24
24
78
12
9
21
24
43
45
5
5
28
43
23
21
24
49
49
75
27
4
54
27
63
106
63
36
69
2
97
123
48
48
47
24
24
32
18
32
38
27
47
35
32
32
20
92
54
88
71
27
45
28
45
25
69
13
76
25
19
19
5
80
8
75
37
58
30
12
8
10
46
20
11
24
46
68
74
23
12
24
32
10
24
12
20
20
12
7
24
28
0
26
26
5
24
11
24
24
0
27
26
24
24
24
0
0
0
0
0
0