0
28
4
42
21
19
19
89
38
19
41
54
81
109
109
27
61
77
45
32
39
54
54
25
8
12
78
28
17
32
45
15
17
8
10
59
54
8
28
120
21
13
36
92
23
10
10
20
2
2
49
7
5
39
29
27
14
114
5
24
27
0
8
10
23
36
48
63
32
71
4
21
43
25
43
19
19
9
21
11
1
56
1
21
101
57
36
32
46
16
66
22
32
20
12
118
5
46
7
8
47
7
74
8
8
8
8
8
62
12
51
16
15
16
8
11
124
36
12
44
34
25
78
24
12
58
12
18
39
39
25
13
13
0
0
39
39
34
36
11
39
10
2
21
74
3
3
3
0
0
0
3
0
0
5
26
10
21
24
11
21
21
21
21
21
21
21
0
0
52
25
34
13
42
4
9
41
44
35
92
131
11
21
4
13
4
21
21
21
72
29
35
27
18
78
57
18
58
24
28
44
8
78
39
3
88
20
27
27
13
29
0
0
0
0
0
0
0
0
0
0
0